HEADERS:

6486     4400         ee91 575f  7745 0000      2201 0000   0000                               0000
Machine  N. Sections  Timestamp  Ptr Sym Table  N. Symbols  Sz Opt Header x (0 for obj files)  Characteristics



SECTIONS (N. Sections):

1. 2e64 7265 6374 7665                  0000 0000                       0000 0000            4100 0000
   Name (Ends with '0' unless 8 bytes)  Virtual Size (0 for obj files)  Virtual Address (0)  Sz Raw Data

   b40a 0000     0000 0000    0000 0000     0000           0000             000a 1000
   Ptr Raw Data  Ptr Realloc  Ptr Line Num  N. of Realloc  N. of Line Nums  Characteristics


2. 2e64 6562 7567 2453 0000 0000 0000 0000 c403 0000 f50a 0000 b90e 0000 0000 0000 0400 0000 4000 1042

3. 2e74 6578 7424 6d6e 0000 0000 0000 0000 8901 0000 e10e 0000 6a10 0000 0000 0000 0f00 0000 2010 5060

...
2e74 6578 7424 6d6e 0000 0000 0000 0000 9501 0000 0011 0000 9512 0000 0000 0000 0f00 0000 2010 5060 2e74 6578 7424 6d6e 0000 0000 0000 0000 8901 0000 2b13 0000 b414 0000 0000 0000 0f00 0000 2010 5060 2e74 6578 7424 6d6e 0000 0000 0000 0000 7601 0000 4a15 0000 c016 0000 0000 0000 1700 0000 2010 5060 2e74 6578 7424 6d6e 0000 0000 0000 0000 d101 0000 a617 0000 7719 0000 0000 0000 1900 0000 2010 5060 2e74 6578 7424 6d6e 0000 0000 0000 0000 c100 0000 711a 0000 321b 0000 0000 0000 0e00 0000 2010 5060 2e74 6578 7424 6d6e 0000 0000 0000 0000 7704 0000 be1b 0000 3520 0000 0000 0000 3100 0000 2010 5060 2e74 6578 7424 6d6e 0000 0000 0000 0000 7a04 0000 1f22 0000 9926 0000 0000 0000 3100 0000 2010 5060 2e64 6174 6100 0000 0000 0000 0000 0000 a004 0000 8328 0000 232d 0000 0000 0000 0b00 0000 4000 50c0 2e72 6461 7461 0000 0000 0000 0000 0000 0c00 0000 912d 0000 0000 0000 0000 0000 0000 0000 4010 4040 2e72 6461 7461 0000 0000 0000 0000 0000 0500 0000 9d2d 0000 0000 0000 0000 0000 0000 0000 4010 3040 2e72 6461 7461 0000 0000 0000 0000 0000 0400 0000 a22d 0000 0000 0000 0000 0000 0000 0000 4010 3040 2e72 6461 7461 0000 0000 0000 0000 0000 0400 0000 a62d 0000 0000 0000 0000 0000 0000 0000 4010 3040 2e64 6562 7567 2453 0000 0000 0000 0000 f402 0000 aa2d 0000 9e30 0000 0000 0000 0c00 0000 4010 1042 2e64 6562 7567 2453 0000 0000 0000 0000 f000 0000 1631 0000 0632 0000 0000 0000 0400 0000 4010 1042 2e64 6562 7567 2453 0000 0000 0000 0000 f802 0000 2e32 0000 2635 0000 0000 0000 0c00 0000 4010 1042 2e64 6562 7567 2453 0000 0000 0000 0000 9c01 0000 9e35 0000 3a37 0000 0000 0000 0a00 0000 4010 1042 2e64 6562 7567 2453 0000 0000 0000 0000 9c01 0000 9e37 0000 3a39 0000 0000 0000 0a00 0000 4010 1042 2e64 6562 7567 2453 0000 0000 0000 0000 4c01 0000 9e39 0000 ea3a 0000 0000 0000 0800 0000 4010 1042 2e64 6562 7567 2453 0000 0000 0000 0000 3c01 0000 3a3b 0000 763c 0000 0000 0000 0800 0000 4010 1042 2e64 6562 7567 2453 0000 0000 0000 0000 ac01 0000 c63c 0000 723e 0000 0000 0000 0a00 0000 4010 1042 2e78 6461 7461 0000 0000 0000 0000 0000 1000 0000 d63e 0000 0000 0000 0000 0000 0000 0000 4010 3040 2e70 6461 7461 0000 0000 0000 0000 0000 0c00 0000 e63e 0000 f23e 0000 0000 0000 0300 0000 4010 3040 2e78 6461 7461 0000 0000 0000 0000 0000 1000 0000 103f 0000 0000 0000 0000 0000 0000 0000 4010 3040 2e70 6461 7461 0000 0000 0000 0000 0000 0c00 0000 203f 0000 2c3f 0000 0000 0000 0300 0000 4010 3040 2e78 6461 7461 0000 0000 0000 0000 0000 1000 0000 4a3f 0000 0000 0000 0000 0000 0000 0000 4010 3040 2e70 6461 7461 0000 0000 0000 0000 0000 0c00 0000 5a3f 0000 663f 0000 0000 0000 0300 0000 4010 3040 2e78 6461 7461 0000 0000 0000 0000 0000 1000 0000 843f 0000 0000 0000 0000 0000 0000 0000 4010 3040 2e70 6461 7461 0000 0000 0000 0000 0000 0c00 0000 943f 0000 a03f 0000 0000 0000 0300 0000 4010 3040 2e72 6461 7461 0000 0000 0000 0000 0000 6000 0000 be3f 0000 1e40 0000 0000 0000 0200 0000 4010 5040 2e78 6461 7461 0000 0000 0000 0000 0000 1000 0000 3240 0000 0000 0000 0000 0000 0000 0000 4010 3040 2e70 6461 7461 0000 0000 0000 0000 0000 0c00 0000 4240 0000 4e40 0000 0000 0000 0300 0000 4010 3040 2e78 6461 7461 0000 0000 0000 0000 0000 1000 0000 6c40 0000 0000 0000 0000 0000 0000 0000 4010 3040 2e70 6461 7461 0000 0000 0000 0000 0000 0c00 0000 7c40 0000 8840 0000 0000 0000 0300 0000 4010 3040 2e78 6461 7461 0000 0000 0000 0000 0000 1000 0000 a640 0000 0000 0000 0000 0000 0000 0000 4010 3040 2e70 6461 7461 0000 0000 0000 0000 0000 0c00 0000 b640 0000 c240 0000 0000 0000 0300 0000 4010 3040 2e78 6461 7461 0000 0000 0000 0000 0000 1000 0000 e040 0000 0000 0000 0000 0000 0000 0000 4010 3040 2e70 6461 7461 0000 0000 0000 0000 0000 0c00 0000 f040 0000 fc40 0000 0000 0000 0300 0000 4010 3040 2e64 6174 6100 0000 0000 0000 0000 0000 0400 0000 1a41 0000 0000 0000 0000 0000 0000 0000 4010 30c0 2e72 6461 7461 0000 0000 0000 0000 0000 2000 0000 1e41 0000 0000 0000 0000 0000 0000 0000 4010 4040 2e72 6461 7461 0000 0000 0000 0000 0000 3200 0000 3e41 0000 0000 0000 0000 0000 0000 0000 4010 4040 2e72 6461 7461 0000 0000 0000 0000 0000 0b00 0000 7041 0000 0000 0000 0000 0000 0000 0000 4010 4040 2e64 6174 6100 0000 0000 0000 0000 0000 0400 0000 7b41 0000 0000 0000 0000 0000 0000 0000 4010 30c0 2e72 6461 7461 0000 0000 0000 0000 0000 2000 0000 7f41 0000 0000 0000 0000 0000 0000 0000 4010 4040 2e64 6174 6100 0000 0000 0000 0000 0000 0400 0000 9f41 0000 0000 0000 0000 0000 0000 0000 4010 30c0 2e72 6461 7461 0000 0000 0000 0000 0000 2000 0000 a341 0000 0000 0000 0000 0000 0000 0000 4010 4040 2e64 6174 6100 0000 0000 0000 0000 0000 0400 0000 c341 0000 0000 0000 0000 0000 0000 0000 4010 30c0 2e72 6461 7461 0000 0000 0000 0000 0000 1800 0000 c741 0000 0000 0000 0000 0000 0000 0000 4010 4040 2e72 6461 7461 0000 0000 0000 0000 0000 1700 0000 df41 0000 0000 0000 0000 0000 0000 0000 4010 4040 2e72 6461 7461 0000 0000 0000 0000 0000 2200 0000 f641 0000 0000 0000 0000 0000 0000 0000 4010 4040 2e72 6461 7461 0000 0000 0000 0000 0000 3100 0000 1842 0000 0000 0000 0000 0000 0000 0000 4010 4040 2e72 6461 7461 0000 0000 0000 0000 0000 1600 0000 4942 0000 0000 0000 0000 0000 0000 0000 4010 4040 2e64 6174 6100 0000 0000 0000 0000 0000 0400 0000 5f42 0000 0000 0000 0000 0000 0000 0000 4010 30c0 2e72 6461 7461 0000 0000 0000 0000 0000 1300 0000 6342 0000 0000 0000 0000 0000 0000 0000 4010 4040 2e72 6461 7461 0000 0000 0000 0000 0000 1000 0000 7642 0000 0000 0000 0000 0000 0000 0000 4010 4040 2e64 6174 6100 0000 0000 0000 0000 0000 0400 0000 8642 0000 0000 0000 0000 0000 0000 0000 4010 30c0 2e72 6461 7461 0000 0000 0000 0000 0000 1700 0000 8a42 0000 0000 0000 0000 0000 0000 0000 4010 4040 2e64 6174 6100 0000 0000 0000 0000 0000 0400 0000 a142 0000 0000 0000 0000 0000 0000 0000 4010 30c0 2e72 6461 7461 0000 0000 0000 0000 0000 1300 0000 a542 0000 0000 0000 0000 0000 0000 0000 4010 4040 2e72 6461 7461 0000 0000 0000 0000 0000 1200 0000 b842 0000 0000 0000 0000 0000 0000 0000 4010 4040 2e64 6174 6100 0000 0000 0000 0000 0000 0400 0000 ca42 0000 0000 0000 0000 0000 0000 0000 4010 30c0 2e72 6461 7461 0000 0000 0000 0000 0000 1500 0000 ce42 0000 0000 0000 0000 0000 0000 0000 4010 4040 2e72 7463 2449 4d5a 0000 0000 0000 0000 0800 0000 e342 0000 eb42 0000 0000 0000 0100 0000 4010 4040 2e72 7463 2454 4d5a 0000 0000 0000 0000 0800 0000 f542 0000 fd42 0000 0000 0000 0100 0000 4010 4040 2e64 6562 7567 2454 0000 0000 0000 0000 5000 0000 0743 0000 0000 0000 0000 0000 0000 0000 4000 1042 2e63 686b 7336 3400 0000 0000 0000 0000 2002 0000 5743 0000 0000 0000 0000 0000 0000 0000 000a 0000

2020 202f 4445 4641 554c 544c 4942 3a22 4d53 5643 5254 4422 202f 4445 4641 554c 544c 4942 3a22 4f4c 444e 414d 4553 2220 2f45 4449 5441 4e44 434f 4e54 494e 5545 2004 0000 00f1 0000 0075 0000 0037 0001 1100 0000 0064 3a5c 6b5c 636f 6469 6e67 5c70 726f 6a65 6374 735c 632d 6b6c 5f63 6f6d 7069 6c65 725c 6275 696c 645c 6170 692e 6f62 6a00 3a00 3c11 0061 0200 d000 1300 1900 c66f 0000 1300 1900 c66f 0000 4d69 6372 6f73 6f66 7420 2852 2920 4f70 7469 6d69 7a69 6e67 2043 6f6d 7069 6c65 7200 0000 00f1 0000 00ca 0200 0015 000c 1145 1000 0000 0000 0000 0042
6173 6554 7970 6500 1700 0c11 4510 0000
0000 0000 0000 4269 6749 6e74 5479 7065
0016 0008 112b 1000 0054 6572 6e61 7279
4c69 7374 4675 6e63 0015 0008 1124 1000
0055 6e61 7279 5369 7a65 5446 756e 6300
1700 0811 3b10 0000 5465 726e 6172 7953
697a 6554 4675 6e63 001a 0008 113e 1000
0051 7561 7465 726e 6172 7953 697a 6554
4675 6e63 000d 0008 11fc 1100 0042 6967
496e 7400 1600 0811 3210 0000 4269 6e61
7279 5369 7a65 5446 756e 6300 0f00 0811
2300 0000 7569 6e74 3634 5f74 0012 0008
1118 1000 0054 6572 6e61 7279 4675 6e63
0014 0008 1112 1000 0055 6e61 7279 566f
6964 4675 6e63 0010 0008 112f 1000 0055
6e61 7279 4675 6e63 000b 0008 1145 1000
0054 7970 6500 1500 0811 2910 0000 4269
6e61 7279 5479 7065 4675 6e63 000f 0008
1113 0000 0069 6e74 6d61 785f 7400 1a00
0811 0f10 0000 5465 726e 6172 794c 6973
7456 6f69 6446 756e 6300 1b00 0811 3810
0000 5175 6174 6572 6e61 7279 5369 7a65
5433 4675 6e63 0014 0008 1124 1000 0055
6e61 7279 4861 7368 4675 6e63 0014 0008
112d 1000 0055 6e61 7279 426f 6f6c 4675
6e63 0013 0008 1122 1000 0055 6e61 7279
5374 7246 756e 6300 1500 0811 4310 0000
4269 6e61 7279 426f 6f6c 4675 6e63 000f
0008 1149 1000 0054 7970 6553 6c6f 7400
1200 0811 4110 0000 5175 696e 6172 7946
756e 6300 1500 0811 1e10 0000 5465 726e
6172 7953 7472 4675 6e63 0013 0008 11f4
1100 0042 6967 496e 744f 626a 6563 7400
1400 0811 1b10 0000 4269 6e61 7279 5374
7246 756e 6300 1100 0811 1510 0000 4269
6e61 7279 4675 6e63 000d 0008 1147 1000
004f 626a 6563 7400 1000 0811 ea11 0000
7569 6e74 3235 365f 7400 1800 0811 3510
0000 5465 726e 6172 7953 697a 6554 3246
756e 6300 0d00 0811 2300 0000 7369 7a65
5f74 0011 0008 11ea 1100 005f 7569 6e74
3235 365f 7400 1200 0811 0b10 0000 4e75
6c6c 6172 7946 756e 6300 0f00 0811 7500
0000 7569 6e74 3332 5f74 0000 00f4 0000
0018 0000 0001 0000 0010 01f5 2c3d 4ee6
be24 eca2 47e8 f9c3 f823 8700 00f3 0000
0033 0000 0000 643a 5c6b 5c63 6f64 696e
675c 7072 6f6a 6563 7473 5c63 2d6b 6c5f
636f 6d70 696c 6572 5c73 7263 5c63 6f72
655c 6170 692e 6300 00f1 0000 0008 0000
0006 004c 11cd 1000 0094 0000 002b 0000
000b 0098 0000 002b 0000 000a 00ab 0000
00b3 0000 000b 00af 0000 00b3 0000 000a
0048 8954 2410 4889 4c24 0855 5748 81ec
8801 0000 488d 6c24 2048 8bfc b962 0000
00b8 cccc cccc f3ab 488b 8c24 a801 0000
8b05 0000 0000 ffc0 4c8d 0500 0000 008b
d048 8d0d 0000 0000 e800 0000 0048 8b85
8001 0000 488b 0048 8378 7000 745a 488b
8580 0100 0048 8b00 488b 4070 4889 4508
eb0c 488b 4508 4883 c020 4889 4508 488b
4508 4883 3800 7430 488b 9588 0100 0048
8b45 0848 8b08 e800 0000 000f b6c0 83f8
0175 1348 8b8d 8001 0000 488b 4508 ff50
08e9 ca00 0000 ebba 488d 0500 0000 0048
8945 2848 8d05 0000 0000 4889 4548 c645
6401 c785 8400 0000 0000 0000 33c0 83f8
0174 4a8b 8584 0000 0048 8b4d 280f be04
018b 8d84 0000 0048 8b55 480f be0c 0a3b
c174 06c6 4564 00eb 248b 8584 0000 0048
8b4d 280f be04 0185 c075 02eb 108b 8584
0000 00ff c089 8584 0000 00eb af0f b645
6483 f801 751e 8b05 0000 0000 83c0 094c
8d05 0000 0000 8bd0 488d 0d00 0000 00e8
0000 0000 8b05 0000 0000 83c0 094c 8d05
0000 0000 8bd0 488d 0d00 0000 00e8 0000
0000 33c0 eb0a 33c0 85c0 0f85 38ff ffff
488d a568 0100 005f 5dc3 3100 0000 b700
0000 0400 3a00 0000 bb00 0000 0400 4300
0000 bf00 0000 0400 4800 0000 5e00 0000
0400 9600 0000 6000 0000 0400 ba00 0000
c300 0000 0400 c500 0000 c300 0000 0400
3701 0000 b700 0000 0400 4101 0000 bb00
0000 0400 4a01 0000 bf00 0000 0400 4f01
0000 5d00 0000 0400 5501 0000 b700 0000
0400 5f01 0000 bb00 0000 0400 6801 0000
bf00 0000 0400 6d01 0000 5f00 0000 0400
4c89 4424 1848 8954 2410 4889 4c24 0855
5748 81ec 8801 0000 488d 6c24 2048 8bfc
b962 0000 00b8 cccc cccc f3ab 488b 8c24
a801 0000 8b05 0000 0000 ffc0 4c8d 0500
0000 008b d048 8d0d 0000 0000 e800 0000
0048 8b85 8001 0000 488b 0048 8378 7000
7461 488b 8580 0100 0048 8b00 488b 4070
4889 4508 eb0c 488b 4508 4883 c020 4889
4508 488b 4508 4883 3800 7437 488b 9588
0100 0048 8b45 0848 8b08 e800 0000 000f
b6c0 83f8 0175 1a48 8b95 9001 0000 488b
8d80 0100 0048 8b45 08ff 5010 e9ca 0000
00eb b348 8d05 0000 0000 4889 4528 488d
0500 0000 0048 8945 48c6 4564 01c7 8584
0000 0000 0000 0033 c083 f801 744a 8b85
8400 0000 488b 4d28 0fbe 0401 8b8d 8400
0000 488b 5548 0fbe 0c0a 3bc1 7406 c645
6400 eb24 8b85 8400 0000 488b 4d28 0fbe
0401 85c0 7502 eb10 8b85 8400 0000 ffc0
8985 8400 0000 ebaf 0fb6 4564 83f8 0175
1e8b 0500 0000 0083 c009 4c8d 0500 0000
008b d048 8d0d 0000 0000 e800 0000 008b
0500 0000 0083 c009 4c8d 0500 0000 008b
d048 8d0d 0000 0000 e800 0000 0033 c0eb
0a33 c085 c00f 8538 ffff ff48 8da5 6801
0000 5f5d c336 0000 00c7 0000 0004 003f
0000 00cb 0000 0004 0048 0000 00bf 0000
0004 004d 0000 005e 0000 0004 009b 0000
0060 0000 0004 00c6 0000 00c3 0000 0004
00d1 0000 00c3 0000 0004 0043 0100 00c7
0000 0004 004d 0100 00cb 0000 0004 0056
0100 00bf 0000 0004 005b 0100 005d 0000
0004 0061 0100 00c7 0000 0004 006b 0100
00cb 0000 0004 0074 0100 00bf 0000 0004
0079 0100 005f 0000 0004 0048 8954 2410
4889 4c24 0855 5748 81ec 8801 0000 488d
6c24 2048 8bfc b962 0000 00b8 cccc cccc
f3ab 488b 8c24 a801 0000 8b05 0000 0000
ffc0 4c8d 0500 0000 008b d048 8d0d 0000
0000 e800 0000 0048 8b85 8001 0000 488b
0048 8378 7000 745a 488b 8580 0100 0048
8b00 488b 4070 4889 4508 eb0c 488b 4508
4883 c020 4889 4508 488b 4508 4883 3800
7430 488b 9588 0100 0048 8b45 0848 8b08
e800 0000 000f b6c0 83f8 0175 1348 8b8d
8001 0000 488b 4508 ff50 18e9 ca00 0000
ebba 488d 0500 0000 0048 8945 2848 8d05
0000 0000 4889 4548 c645 6401 c785 8400
0000 0000 0000 33c0 83f8 0174 4a8b 8584
0000 0048 8b4d 280f be04 018b 8d84 0000
0048 8b55 480f be0c 0a3b c174 06c6 4564
00eb 248b 8584 0000 0048 8b4d 280f be04
0185 c075 02eb 108b 8584 0000 00ff c089
8584 0000 00eb af0f b645 6483 f801 751e
8b05 0000 0000 83c0 094c 8d05 0000 0000
8bd0 488d 0d00 0000 00e8 0000 0000 8b05
0000 0000 83c0 094c 8d05 0000 0000 8bd0
488d 0d00 0000 00e8 0000 0000 33c0 eb0a
33c0 85c0 0f85 38ff ffff 488d a568 0100
005f 5dc3 3100 0000 cf00 0000 0400 3a00
0000 d300 0000 0400 4300 0000 bf00 0000
0400 4800 0000 5e00 0000 0400 9600 0000
6000 0000 0400 ba00 0000 c300 0000 0400
c500 0000 c300 0000 0400 3701 0000 cf00
0000 0400 4101 0000 d300 0000 0400 4a01
0000 bf00 0000 0400 4f01 0000 5d00 0000
0400 5501 0000 cf00 0000 0400 5f01 0000
d300 0000 0400 6801 0000 bf00 0000 0400
6d01 0000 5f00 0000 0400 4889 4c24 0855
5748 81ec 7801 0000 488d 6c24 3048 8bfc
b95e 0000 00b8 cccc cccc f3ab 488b 8c24
9801 0000 8b05 0000 0000 ffc0 4c8d 0500
0000 008b d048 8d0d 0000 0000 e800 0000
0048 8b85 6001 0000 4883 3800 753d 8b05
0000 0000 83c0 0248 8d0d 0000 0000 4889
4c24 204c 8d0d 0000 0000 448b c048 8d15
0000 0000 488d 0d00 0000 00e8 0000 0000
b916 0000 00ff 1500 0000 0033 c085 c075
b048 8d05 0000 0000 4889 4508 488d 0500
0000 0048 8945 28c6 4544 01c7 4564 0000
0000 33c0 83f8 0174 3b8b 4564 488b 4d08
0fbe 0401 8b4d 6448 8b55 280f be0c 0a3b
c174 06c6 4544 00eb 1b8b 4564 488b 4d08
0fbe 0401 85c0 7502 eb0a 8b45 64ff c089
4564 ebbe 0fb6 4544 83f8 0175 1e8b 0500
0000 0083 c003 4c8d 0500 0000 008b d048
8d0d 0000 0000 e800 0000 008b 0500 0000
0083 c003 4c8d 0500 0000 008b d048 8d0d
0000 0000 e800 0000 0048 8b85 6001 0000
488b 004c 8b85 6001 0000 488b 5008 488d
0d00 0000 00e8 0000 0000 eb0a 33c0 85c0
0f85 2bff ffff 488d a548 0100 005f 5dc3
2c00 0000 d700 0000 0400 3500 0000 db00
0000 0400 3e00 0000 bf00 0000 0400 4300
0000 5e00 0000 0400 5600 0000 d700 0000
0400 6000 0000 df00 0000 0400 6c00 0000
db00 0000 0400 7600 0000 bf00 0000 0400
7d00 0000 e300 0000 0400 8200 0000 5900
0000 0400 8d00 0000 5400 0000 0400 9a00
0000 e700 0000 0400 a500 0000 c300 0000
0400 0501 0000 d700 0000 0400 0f01 0000
db00 0000 0400 1801 0000 bf00 0000 0400
1d01 0000 5d00 0000 0400 2301 0000 d700
0000 0400 2d01 0000 db00 0000 0400 3601
0000 bf00 0000 0400 3b01 0000 5f00 0000
0400 5701 0000 eb00 0000 0400 5c01 0000
6100 0000 0400 4889 4c24 0855 5657 4881
ecf0 0100 0048 8d6c 2430 488b fcb9 7c00
0000 b8cc cccc ccf3 ab48 8b8c 2418 0200
008b 0500 0000 00ff c04c 8d05 0000 0000
8bd0 488d 0d00 0000 00e8 0000 0000 488b
85e0 0100 0048 8338 0075 3d8b 0500 0000
0083 c002 488d 0d00 0000 0048 894c 2420
4c8d 0d00 0000 0044 8bc0 488d 1500 0000
0048 8d0d 0000 0000 e800 0000 00b9 1600
0000 ff15 0000 0000 33c0 85c0 75b0 488b
8de0 0100 00e8 0000 0000 4c8b c048 8b95
e001 0000 488d 8d88 0100 00e8 0000 0000
488d 4d08 488b f948 8bf0 b920 0000 00f3
a448 8d05 0000 0000 4889 4548 488d 0500
0000 0048 8945 68c6 8584 0000 0001 c785
a400 0000 0000 0000 33c0 83f8 0174 4d8b
85a4 0000 0048 8b4d 480f be04 018b 8da4
0000 0048 8b55 680f be0c 0a3b c174 09c6
8584 0000 0000 eb24 8b85 a400 0000 488b
4d48 0fbe 0401 85c0 7502 eb10 8b85 a400
0000 ffc0 8985 a400 0000 ebac 0fb6 8584
0000 0083 f801 751e 8b05 0000 0000 83c0
044c 8d05 0000 0000 8bd0 488d 0d00 0000
00e8 0000 0000 8b05 0000 0000 83c0 044c
8d05 0000 0000 8bd0 488d 0d00 0000 00e8
0000 0000 488b 4510 488b 4d08 4833 c848
8bc1 4833 4518 4833 4520 eb0a 33c0 85c0
0f85 1bff ffff 488b f848 8d4d d048 8d15
0000 0000 e800 0000 0048 8bc7 488d a5c0
0100 005f 5e5d c32d 0000 00ef 0000 0004
0036 0000 00f3 0000 0004 003f 0000 00bf
0000 0004 0044 0000 005e 0000 0004 0057
0000 00ef 0000 0004 0061 0000 00df 0000
0004 006d 0000 00f3 0000 0004 0077 0000
00bf 0000 0004 007e 0000 00e3 0000 0004
0083 0000 0059 0000 0004 008e 0000 0054
0000 0004 00a0 0000 0056 0000 0004 00b6
0000 0058 0000 0004 00ce 0000 00f7 0000
0004 00d9 0000 00c3 0000 0004 0054 0100
00ef 0000 0004 005e 0100 00f3 0000 0004
0067 0100 00bf 0000 0004 006c 0100 005d
0000 0004 0072 0100 00ef 0000 0004 007c
0100 00f3 0000 0004 0085 0100 00bf 0000
0004 008a 0100 005f 0000 0004 00ba 0100
0092 0000 0004 00bf 0100 0062 0000 0004
0048 894c 2408 5557 4881 ec08 0100 0048
8d6c 2420 488b fcb9 4200 0000 b8cc cccc
ccf3 ab48 8b8c 2428 0100 008b 0500 0000
00ff c04c 8d05 0000 0000 8bd0 488d 0d00
0000 00e8 0000 0000 488b 8d00 0100 00e8
0000 0000 4889 4508 4883 7d08 0075 268b
0500 0000 0083 c004 4c8d 0500 0000 008b
d048 8d0d 0000 0000 e800 0000 00eb 3933
c085 c075 da48 8b45 0848 8b48 10e8 0000
0000 8b05 0000 0000 83c0 074c 8d05 0000
0000 8bd0 488d 0d00 0000 00e8 0000 0000
eb06 33c0 85c0 75da 488d a5e8 0000 005f
5dc3 2c00 0000 fb00 0000 0400 3500 0000
ff00 0000 0400 3e00 0000 bf00 0000 0400
4300 0000 5e00 0000 0400 4f00 0000 5700
0000 0400 6000 0000 fb00 0000 0400 6a00
0000 ff00 0000 0400 7300 0000 bf00 0000
0400 7800 0000 5f00 0000 0400 8d00 0000
5a00 0000 0400 9300 0000 fb00 0000 0400
9d00 0000 ff00 0000 0400 a600 0000 bf00
0000 0400 ab00 0000 5f00 0000 0400 4889
5424 1048 894c 2408 5556 5748 81ec 5007
0000 488d 6c24 2048 8bfc b9d4 0100 00b8
cccc cccc f3ab 488b 8c24 7807 0000 8b05
0000 0000 ffc0 4c8d 0500 0000 008b d048
8d0d 0000 0000 e800 0000 0048 8b8d 5007
0000 e800 0000 0048 8945 0848 837d 0800
0f85 cb00 0000 488d 0500 0000 0048 8945
2848 8d05 0000 0000 4889 4548 c645 6401
c785 8400 0000 0000 0000 33c0 83f8 0174
4a8b 8584 0000 0048 8b4d 280f be04 018b
8d84 0000 0048 8b55 480f be0c 0a3b c174
06c6 4564 00eb 248b 8584 0000 0048 8b4d
280f be04 0185 c075 02eb 108b 8584 0000
00ff c089 8584 0000 00eb af0f b645 6483
f801 751e 8b05 0000 0000 83c0 044c 8d05
0000 0000 8bd0 488d 0d00 0000 00e8 0000
0000 8b05 0000 0000 83c0 044c 8d05 0000
0000 8bd0 488d 0d00 0000 00e8 0000 0000
33c0 e943 0300 0033 c085 c00f 8535 ffff
ff48 8b8d 5807 0000 e800 0000 0048 8985
a800 0000 4883 bda8 0000 0000 0f85 e300
0000 488d 0500 0000 0048 8985 c800 0000
488d 0500 0000 0048 8985 e800 0000 c685
0401 0000 01c7 8524 0100 0000 0000 0033
c083 f801 7456 8b85 2401 0000 488b 8dc8
0000 000f be04 018b 8d24 0100 0048 8b95
e800 0000 0fbe 0c0a 3bc1 7409 c685 0401
0000 00eb 278b 8524 0100 0048 8b8d c800
0000 0fbe 0401 85c0 7502 eb10 8b85 2401
0000 ffc0 8985 2401 0000 eba3 0fb6 8504
0100 0083 f801 751e 8b05 0000 0000 83c0
084c 8d05 0000 0000 8bd0 488d 0d00 0000
00e8 0000 0000 8b05 0000 0000 83c0 084c
8d05 0000 0000 8bd0 488d 0d00 0000 00e8
0000 0000 33c0 e93f 0200 0033 c085 c00f
851d ffff ff48 8b85 a800 0000 488b 5010
488b 4508 488b 4810 e800 0000 0048 8985
4801 0000 4883 bd48 0100 0000 0f85 e300
0000 488d 0500 0000 0048 8985 6801 0000
488d 0500 0000 0048 8985 8801 0000 c685
a401 0000 01c7 85c4 0100 0000 0000 0033
c083 f801 7456 8b85 c401 0000 488b 8d68
0100 000f be04 018b 8dc4 0100 0048 8b95
8801 0000 0fbe 0c0a 3bc1 7409 c685 a401
0000 00eb 278b 85c4 0100 0048 8b8d 6801
0000 0fbe 0401 85c0 7502 eb10 8b85 c401
0000 ffc0 8985 c401 0000 eba3 0fb6 85a4
0100 0083 f801 751e 8b05 0000 0000 83c0
0c4c 8d05 0000 0000 8bd0 488d 0d00 0000
00e8 0000 0000 8b05 0000 0000 83c0 0c4c
8d05 0000 0000 8bd0 488d 0d00 0000 00e8
0000 0000 33c0 e92f 0100 0033 c085 c00f
851d ffff ff48 8d85 d004 0000 488d 0d00
0000 0048 8bf8 488b f1b9 5002 0000 f3a4
488d 8dd0 0400 00e8 0000 0000 4889 85e8
0100 0048 8b85 e801 0000 488b 8d48 0100
0048 8948 1048 8d05 0000 0000 4889 8508
0200 0048 8d05 0000 0000 4889 8528 0200
00c6 8544 0200 0001 c785 6402 0000 0000
0000 33c0 83f8 0174 568b 8564 0200 0048
8b8d 0802 0000 0fbe 0401 8b8d 6402 0000
488b 9528 0200 000f be0c 0a3b c174 09c6
8544 0200 0000 eb27 8b85 6402 0000 488b
8d08 0200 000f be04 0185 c075 02eb 108b
8564 0200 00ff c089 8564 0200 00eb a30f
b685 4402 0000 83f8 0175 1e8b 0500 0000
0083 c010 4c8d 0500 0000 008b d048 8d0d
0000 0000 e800 0000 008b 0500 0000 0083
c010 4c8d 0500 0000 008b d048 8d0d 0000
0000 e800 0000 0048 8b85 e801 0000 eb0a
33c0 85c0 0f85 1bff ffff 488d a530 0700
005f 5e5d c332 0000 0003 0100 0004 003b
0000 0007 0100 0004 0044 0000 00bf 0000
0004 0049 0000 005e 0000 0004 0055 0000
0057 0000 0004 006b 0000 00c3 0000 0004
0076 0000 00c3 0000 0004 00e8 0000 0003
0100 0004 00f2 0000 0007 0100 0004 00fb
0000 00bf 0000 0004 0000 0100 005d 0000
0004 0006 0100 0003 0100 0004 0010 0100
0007 0100 0004 0019 0100 00bf 0000 0004
001e 0100 005f 0000 0004 003b 0100 0057
0000 0004 0057 0100 00c3 0000 0004 0065
0100 00c3 0000 0004 00ec 0100 0003 0100
0004 00f6 0100 0007 0100 0004 00ff 0100
00bf 0000 0004 0004 0200 005d 0000 0004
000a 0200 0003 0100 0004 0014 0200 0007
0100 0004 001d 0200 00bf 0000 0004 0022
0200 005f 0000 0004 004b 0200 005b 0000
0004 0067 0200 00c3 0000 0004 0075 0200
00c3 0000 0004 00fc 0200 0003 0100 0004
0006 0300 0007 0100 0004 000f 0300 00bf
0000 0004 0014 0300 005d 0000 0004 001a
0300 0003 0100 0004 0024 0300 0007 0100
0004 002d 0300 00bf 0000 0004 0032 0300
005f 0000 0004 0051 0300 00b3 0000 0004
006a 0300 0055 0000 0004 008a 0300 000b
0100 0004 0098 0300 00c3 0000 0004 001f
0400 0003 0100 0004 0029 0400 0007 0100
0004 0032 0400 00bf 0000 0004 0037 0400
005d 0000 0004 003d 0400 0003 0100 0004
0047 0400 0007 0100 0004 0050 0400 00bf
0000 0004 0055 0400 005f 0000 0004 0048
8954 2410 4889 4c24 0855 5657 4881 ec50
0700 0048 8d6c 2420 488b fcb9 d401 0000
b8cc cccc ccf3 ab48 8b8c 2478 0700 008b
0500 0000 00ff c04c 8d05 0000 0000 8bd0
488d 0d00 0000 00e8 0000 0000 488b 8d50
0700 00e8 0000 0000 4889 4508 4883 bd50
0700 0000 0f85 cb00 0000 488d 0500 0000
0048 8945 2848 8d05 0000 0000 4889 4548
c645 6401 c785 8400 0000 0000 0000 33c0
83f8 0174 4a8b 8584 0000 0048 8b4d 280f
be04 018b 8d84 0000 0048 8b55 480f be0c
0a3b c174 06c6 4564 00eb 248b 8584 0000
0048 8b4d 280f be04 0185 c075 02eb 108b
8584 0000 00ff c089 8584 0000 00eb af0f
b645 6483 f801 751e 8b05 0000 0000 83c0
044c 8d05 0000 0000 8bd0 488d 0d00 0000
00e8 0000 0000 8b05 0000 0000 83c0 044c
8d05 0000 0000 8bd0 488d 0d00 0000 00e8
0000 0000 33c0 e943 0300 0033 c085 c00f
8535 ffff ff48 8b8d 5807 0000 e800 0000
0048 8985 a800 0000 4883 bd58 0700 0000
0f85 e300 0000 488d 0500 0000 0048 8985
c800 0000 488d 0500 0000 0048 8985 e800
0000 c685 0401 0000 01c7 8524 0100 0000
0000 0033 c083 f801 7456 8b85 2401 0000
488b 8dc8 0000 000f be04 018b 8d24 0100
0048 8b95 e800 0000 0fbe 0c0a 3bc1 7409
c685 0401 0000 00eb 278b 8524 0100 0048
8b8d c800 0000 0fbe 0401 85c0 7502 eb10
8b85 2401 0000 ffc0 8985 2401 0000 eba3
0fb6 8504 0100 0083 f801 751e 8b05 0000
0000 83c0 084c 8d05 0000 0000 8bd0 488d
0d00 0000 00e8 0000 0000 8b05 0000 0000
83c0 084c 8d05 0000 0000 8bd0 488d 0d00
0000 00e8 0000 0000 33c0 e93f 0200 0033
c085 c00f 851d ffff ff48 8b85 a800 0000
488b 5010 488b 4508 488b 4810 e800 0000
0048 8985 4801 0000 4883 bd48 0100 0000
0f85 e300 0000 488d 0500 0000 0048 8985
6801 0000 488d 0500 0000 0048 8985 8801
0000 c685 a401 0000 01c7 85c4 0100 0000
0000 0033 c083 f801 7456 8b85 c401 0000
488b 8d68 0100 000f be04 018b 8dc4 0100
0048 8b95 8801 0000 0fbe 0c0a 3bc1 7409
c685 a401 0000 00eb 278b 85c4 0100 0048
8b8d 6801 0000 0fbe 0401 85c0 7502 eb10
8b85 c401 0000 ffc0 8985 c401 0000 eba3
0fb6 85a4 0100 0083 f801 751e 8b05 0000
0000 83c0 0c4c 8d05 0000 0000 8bd0 488d
0d00 0000 00e8 0000 0000 8b05 0000 0000
83c0 0c4c 8d05 0000 0000 8bd0 488d 0d00
0000 00e8 0000 0000 33c0 e92f 0100 0033
c085 c00f 851d ffff ff48 8d85 d004 0000
488d 0d00 0000 0048 8bf8 488b f1b9 5002
0000 f3a4 488d 8dd0 0400 00e8 0000 0000
4889 85e8 0100 0048 8b85 e801 0000 488b
8d48 0100 0048 8948 1048 8d05 0000 0000
4889 8508 0200 0048 8d05 0000 0000 4889
8528 0200 00c6 8544 0200 0001 c785 6402
0000 0000 0000 33c0 83f8 0174 568b 8564
0200 0048 8b8d 0802 0000 0fbe 0401 8b8d
6402 0000 488b 9528 0200 000f be0c 0a3b
c174 09c6 8544 0200 0000 eb27 8b85 6402
0000 488b 8d08 0200 000f be04 0185 c075
02eb 108b 8564 0200 00ff c089 8564 0200
00eb a30f b685 4402 0000 83f8 0175 1e8b
0500 0000 0083 c010 4c8d 0500 0000 008b
d048 8d0d 0000 0000 e800 0000 008b 0500
0000 0083 c010 4c8d 0500 0000 008b d048
8d0d 0000 0000 e800 0000 0048 8b85 e801
0000 eb0a 33c0 85c0 0f85 1bff ffff 488d
a530 0700 005f 5e5d c332 0000 000f 0100
0004 003b 0000 0013 0100 0004 0044 0000
00bf 0000 0004 0049 0000 005e 0000 0004
0055 0000 0057 0000 0004 006e 0000 00c3
0000 0004 0079 0000 00c3 0000 0004 00eb
0000 000f 0100 0004 00f5 0000 0013 0100
0004 00fe 0000 00bf 0000 0004 0003 0100
005d 0000 0004 0009 0100 000f 0100 0004
0013 0100 0013 0100 0004 001c 0100 00bf
0000 0004 0021 0100 005f 0000 0004 003e
0100 0057 0000 0004 005a 0100 00c3 0000
0004 0068 0100 00c3 0000 0004 00ef 0100
000f 0100 0004 00f9 0100 0013 0100 0004
0002 0200 00bf 0000 0004 0007 0200 005d
0000 0004 000d 0200 000f 0100 0004 0017
0200 0013 0100 0004 0020 0200 00bf 0000
0004 0025 0200 005f 0000 0004 004e 0200
005c 0000 0004 006a 0200 00c3 0000 0004
0078 0200 00c3 0000 0004 00ff 0200 000f
0100 0004 0009 0300 0013 0100 0004 0012
0300 00bf 0000 0004 0017 0300 005d 0000
0004 001d 0300 000f 0100 0004 0027 0300
0013 0100 0004 0030 0300 00bf 0000 0004
0035 0300 005f 0000 0004 0054 0300 00b3
0000 0004 006d 0300 0055 0000 0004 008d
0300 000b 0100 0004 009b 0300 00c3 0000
0004 0022 0400 000f 0100 0004 002c 0400
0013 0100 0004 0035 0400 00bf 0000 0004
003a 0400 005d 0000 0004 0040 0400 000f
0100 0004 004a 0400 0013 0100 0004 0053
0400 00bf 0000 0004 0058 0400 005f 0000
0004 0000 0000 0000 0000 0000 0000 0000
0000 0000 0000 0000 0000 0010 0000 0000
0000 0000 0000 0000 0000 0000 0000 0000
0000 0000 0000 0000 0000 0000 0000 0000
0000 0000 0000 0000 0000 0000 0000 0000
0000 0000 0000 0000 0000 0000 0000 0000
0000 0000 0000 0000 0000 0000 0000 0000
0000 0000 0000 0000 0000 0000 0000 0000
0000 0000 0000 0000 0000 0000 0000 0000
0000 0000 0000 0000 0000 0000 0000 0000
0000 0000 0000 0000 0000 0000 0000 0000
0000 0000 0000 0000 0000 0000 0000 0000
0000 0000 0000 0000 0000 0000 0000 0000
0000 0000 0000 0000 0000 0000 0000 0000
0000 0000 0000 0000 0000 0000 0000 0000
0000 0000 0000 0000 0000 0000 0000 0000
0000 0000 0000 0000 0000 0000 0000 0000
0000 0000 0000 0000 0000 0000 0000 0000
0000 0000 0000 0000 0000 0000 0000 0000
0000 0000 0000 0000 0000 0000 0000 0000
0000 0000 0000 0000 0000 0000 0000 0000
0000 0000 0000 0000 0000 0000 0000 0000
0000 0000 0000 0000 0000 0000 0000 0000
0000 0000 0000 0000 0000 0000 0000 0000
0000 0000 0000 0000 0000 0000 0000 0000
0000 0000 0000 0000 0000 0000 0000 0000
0000 0000 0000 0000 0000 0000 0000 0000
0000 0000 0000 0000 0000 0000 0000 0000
0000 0000 0000 0000 0000 0000 0000 0000
0000 0000 0000 0000 0000 0000 0000 0000
0000 0000 0000 0000 0000 0000 0000 0000
0000 0000 0000 0000 0000 0000 0000 0000
0000 0000 0000 0000 0000 0000 0000 0000
0000 0000 0000 0000 0000 0000 0000 0000
0000 0000 0000 0000 0000 0000 0000 0000
0000 0000 0000 0000 0000 0000 0000 0000
0000 0000 0000 0000 0000 0000 0000 0000
0000 0003 0000 0000 0000 0000 0000 0000
0000 0000 0000 0000 0000 0018 0000 0000
0000 0000 0000 0000 0000 0000 0000 0000
0000 0000 0000 0000 0000 0000 0000 0000
0000 0000 0000 0000 0000 0000 0000 0000
0000 0000 0000 0000 0000 0000 0000 0000
0000 0000 0000 0000 0000 0000 0000 0000
0000 0000 0000 0000 0000 0000 0000 0000
0000 0000 0000 0000 0000 0000 0000 0000
0000 0000 0000 0000 0000 0000 0000 0000
0000 0000 0000 0000 0000 0000 0000 0000
0000 0000 0000 0000 0000 0000 0000 0000
0000 0000 0000 0000 0000 0000 0000 0000
0000 0000 0000 0000 0000 0000 0000 0000
0000 0000 0000 0000 0000 0000 0000 0000
0000 0000 0000 0000 0000 0000 0000 0000
0000 0000 0000 0000 0000 0000 0000 0000
0000 0000 0000 0000 0000 0000 0000 0000
0000 0000 0000 0000 0000 0000 0000 0000
0000 0000 0000 0000 0000 0000 0000 0000
0000 0000 0000 0000 0000 0000 0000 0000
0000 0000 0000 0000 0000 0000 0000 0000
0000 0000 0000 0000 0000 0000 0000 0000
0000 0000 0000 0000 0000 0000 0000 0000
0000 0000 0000 0000 0000 0000 0000 0000
0000 0000 0000 0000 0000 0000 0000 0000
0000 0000 0000 0000 0000 0000 0000 0000
0000 0000 0000 0000 0000 0000 0000 0000
0000 0000 0000 0000 0000 0000 0000 0000
0000 0000 0000 0000 0000 0000 0000 0000
0000 0000 0000 0000 0000 0000 0000 0000
0000 0000 0000 0000 0000 0000 0000 0000
0000 0000 0000 0000 0000 0000 0000 0000
0000 0000 0000 0000 0000 0000 0000 0000
0000 0000 0000 0000 0000 0000 0000 0000
0000 0000 0000 0000 0000 0000 0000 0000
0000 0000 0000 0000 0000 0000 0000 0000
0000 0008 0000 002f 0000 0001 0058 0000
000b 0000 0001 0060 0000 000f 0000 0001
0068 0000 0013 0000 0001 0078 0000 0017
0000 0001 0080 0000 001b 0000 0001 0058
0200 003b 0000 0001 0060 0200 002b 0000
0001 0088 0200 001f 0000 0001 0000 0300
0023 0000 0001 0048 0300 0027 0000 0001
003c 6261 7365 5f74 7970 653e 0063 6861
7200 7374 7200 696e 7400 0400 0000 f100
0000 4f02 0000 3800 4711 0000 0000 0000
0000 0000 0000 7704 0000 3000 0000 6c04
0000 0b10 0000 0000 0000 0000 004b 6c41
7069 5f62 6967 696e 745f 6164 645f 6600
1c00 1210 3007 0000 4002 0000 f004 0000
0000 0000 0000 0000 0000 0090 1200 0e00
1111 5007 0000 0810 0000 4e01 6100 0e00
1111 5807 0000 0810 0000 4e01 6200 0e00
1111 e801 0000 f011 0000 4e01 6f00 0f00
1111 4801 0000 f211 0000 4e01 6f69 000f
0011 1108 0000 00f0 1100 004e 0169 6100
0f00 1111 a800 0000 f011 0000 4e01 6962
0015 0003 1100 0000 0000 0000 00c1 0000
0068 0000 0000 0000 1000 1111 2800 0000
0510 0000 4e01 5f5f 6100 1100 1111 6400
0000 3000 0000 4e01 5f5f 6f6b 0010 0011
1184 0000 0022 0000 004e 015f 5f69 0010
0011 1148 0000 0005 1000 004e 015f 5f62
0002 0006 0015 0003 1100 0000 0000 0000
00d9 0000 0054 0100 0000 0000 1000 1111
c800 0000 0510 0000 4e01 5f5f 6100 1100
1111 0401 0000 3000 0000 4e01 5f5f 6f6b
0010 0011 1124 0100 0022 0000 004e 015f
5f69 0010 0011 11e8 0000 0005 1000 004e
015f 5f62 0002 0006 0015 0003 1100 0000
0000 0000 00d9 0000 0064 0200 0000 0000
1000 1111 6801 0000 0510 0000 4e01 5f5f
6100 1100 1111 a401 0000 3000 0000 4e01
5f5f 6f6b 0010 0011 11c4 0100 0022 0000
004e 015f 5f69 0010 0011 1188 0100 0005
1000 004e 015f 5f62 0002 0006 0015 0003
1100 0000 0000 0000 00db 0000 0087 0300
0000 0000 1000 1111 0802 0000 0510 0000
4e01 5f5f 6100 1100 1111 4402 0000 3000
0000 4e01 5f5f 6f6b 0010 0011 1164 0200
0022 0000 004e 015f 5f69 0010 0011 1128
0200 0005 1000 004e 015f 5f62 0002 0006
0002 004f 1100 f200 0000 9000 0000 0000
0000 0000 0000 7704 0000 0000 0000 0f00
0000 8400 0000 0000 0000 5500 0080 3000
0000 5600 0080 4d00 0000 5700 0080 5d00
0000 5800 0080 6800 0000 5900 0080 3301
0000 5b00 0080 4601 0000 5c00 0080 5401
0000 5d00 0080 3702 0000 5f00 0080 5602
0000 6000 0080 6402 0000 6100 0080 4703
0000 6300 0080 7503 0000 6400 0080 8703
0000 6500 0080 6c04 0000 6600 0080 2c00
0000 2300 0000 0b00 3000 0000 2300 0000
0a00 d700 0000 2300 0000 0b00 db00 0000
2300 0000 0a00 3b01 0000 2300 0000 0b00
3f01 0000 2300 0000 0a00 9f01 0000 2300
0000 0b00 a301 0000 2300 0000 0a00 0302
0000 2300 0000 0b00 0702 0000 2300 0000
0a00 6402 0000 2300 0000 0b00 6802 0000
2300 0000 0a00 0400 0000 f100 0000 8100
0000 3c00 4711 0000 0000 0000 0000 0000
0000 c100 0000 2a00 0000 b700 0000 0210
0000 0000 0000 0000 004b 6c41 7069 5f62
6967 696e 745f 6465 616c 6c6f 635f 6600
1c00 1210 e800 0000 c000 0000 2800 0000
0000 0000 0000 0000 0000 0090 1200 0e00
1111 0001 0000 0810 0000 4e01 6100 0f00
1111 0800 0000 f011 0000 4e01 6961 0002
004f 1100 0000 f200 0000 5800 0000 0000
0000 0000 0000 c100 0000 0000 0000 0800
0000 4c00 0000 0000 0000 4900 0080 2a00
0000 4a00 0080 4700 0000 4b00 0080 5700
0000 4c00 0080 5e00 0000 4d00 0080 8400
0000 4f00 0080 9100 0000 5000 0080 b700
0000 5100 0080 2c00 0000 1f00 0000 0b00
3000 0000 1f00 0000 0a00 9800 0000 1f00
0000 0b00 9c00 0000 1f00 0000 0a00 0400
0000 f100 0000 5102 0000 3a00 4711 0000
0000 0000 0000 0000 0000 7a04 0000 3000
0000 6f04 0000 0410 0000 0000 0000 0000
004b 6c41 7069 5f62 6967 696e 745f 6972
6f6f 745f 6600 1c00 1210 3007 0000 4002
0000 f004 0000 0000 0000 0000 0000 0000
0090 1200 0e00 1111 5007 0000 0810 0000
4e01 6100 0e00 1111 5807 0000 0810 0000
4e01 6200 0e00 1111 e801 0000 f011 0000
4e01 6f00 0f00 1111 4801 0000 f211 0000
4e01 6f69 000f 0011 1108 0000 00f0 1100
004e 0169 6100 0f00 1111 a800 0000 f011
0000 4e01 6962 0015 0003 1100 0000 0000
0000 00c1 0000 006b 0000 0000 0000 1000
1111 2800 0000 0510 0000 4e01 5f5f 6100
1100 1111 6400 0000 3000 0000 4e01 5f5f
6f6b 0010 0011 1184 0000 0022 0000 004e
015f 5f69 0010 0011 1148 0000 0005 1000
004e 015f 5f62 0002 0006 0015 0003 1100
0000 0000 0000 00d9 0000 0057 0100 0000
0000 1000 1111 c800 0000 0510 0000 4e01
5f5f 6100 1100 1111 0401 0000 3000 0000
4e01 5f5f 6f6b 0010 0011 1124 0100 0022
0000 004e 015f 5f69 0010 0011 11e8 0000
0005 1000 004e 015f 5f62 0002 0006 0015
0003 1100 0000 0000 0000 00d9 0000 0067
0200 0000 0000 1000 1111 6801 0000 0510
0000 4e01 5f5f 6100 1100 1111 a401 0000
3000 0000 4e01 5f5f 6f6b 0010 0011 11c4
0100 0022 0000 004e 015f 5f69 0010 0011
1188 0100 0005 1000 004e 015f 5f62 0002
0006 0015 0003 1100 0000 0000 0000 00db
0000 008a 0300 0000 0000 1000 1111 0802
0000 0510 0000 4e01 5f5f 6100 1100 1111
4402 0000 3000 0000 4e01 5f5f 6f6b 0010
0011 1164 0200 0022 0000 004e 015f 5f69
0010 0011 1128 0200 0005 1000 004e 015f
5f62 0002 0006 0002 004f 1100 0000 f200
0000 9000 0000 0000 0000 0000 0000 7a04
0000 0000 0000 0f00 0000 8400 0000 0000
0000 6a00 0080 3000 0000 6b00 0080 4d00
0000 6c00 0080 5d00 0000 6d00 0080 6b00
0000 6e00 0080 3601 0000 7000 0080 4901
0000 7100 0080 5701 0000 7200 0080 3a02
0000 7400 0080 5902 0000 7500 0080 6702
0000 7600 0080 4a03 0000 7800 0080 7803
0000 7900 0080 8a03 0000 7a00 0080 6f04
0000 7b00 0080 2c00 0000 2700 0000 0b00
3000 0000 2700 0000 0a00 d900 0000 2700
0000 0b00 dd00 0000 2700 0000 0a00 3d01
0000 2700 0000 0b00 4101 0000 2700 0000
0a00 a101 0000 2700 0000 0b00 a501 0000
2700 0000 0a00 0502 0000 2700 0000 0b00
0902 0000 2700 0000 0a00 6802 0000 2700
0000 0b00 6c02 0000 2700 0000 0a00 0400
0000 f100 0000 2801 0000 4500 4711 0000
0000 0000 0000 0000 0000 8901 0000 2f00
0000 7f01 0000 0610 0000 0000 0000 0000
004b 6c41 7069 5f64 6566 6175 6c74 5f64
656c 5f61 7474 725f 7374 725f 6675 6e63
001c 0012 1068 0100 00c0 0000 00a8 0000
0000 0000 0000 0000 0000 0000 9012 000e
0011 1180 0100 0008 1000 004e 0161 000e
0011 1188 0100 0005 1000 004e 0162 0015
0003 1100 0000 0000 0000 005a 0000 005d
0000 0000 0000 0e00 1111 0800 0000 2010
0000 4e01 6900 0200 0600 1500 0311 0000
0000 0000 0000 be00 0000 b700 0000 0000
0010 0011 1128 0000 0005 1000 004e 015f
5f61 0011 0011 1164 0000 0030 0000 004e
015f 5f6f 6b00 1000 1111 8400 0000 2200
0000 4e01 5f5f 6900 1000 1111 4800 0000
0510 0000 4e01 5f5f 6200 0200 0600 0e00
3911 ad00 0000 0000 0000 2f10 0000 0200
4f11 f200 0000 6000 0000 0000 0000 0000
0000 8901 0000 0000 0000 0900 0000 5400
0000 0000 0000 2a00 0080 2f00 0000 2b00
0080 4c00 0000 2c00 0080 5d00 0000 2d00
0080 8700 0000 2e00 0080 a200 0000 2f00
0080 b500 0000 3100 0080 b700 0000 3300
0080 7f01 0000 3400 0080 2c00 0000 1300
0000 0b00 3000 0000 1300 0000 0a00 a100
0000 1300 0000 0b00 a500 0000 1300 0000
0a00 cc00 0000 1300 0000 0b00 d000 0000
1300 0000 0a00 2401 0000 1300 0000 0b00
2801 0000 1300 0000 0a00 3c01 0000 1300
0000 0b00 4001 0000 1300 0000 0a00 0400
0000 f100 0000 2801 0000 4500 4711 0000
0000 0000 0000 0000 0000 8901 0000 2f00
0000 7f01 0000 0810 0000 0000 0000 0000
004b 6c41 7069 5f64 6566 6175 6c74 5f67
6574 5f61 7474 725f 7374 725f 6675 6e63
001c 0012 1068 0100 00c0 0000 00a8 0000
0000 0000 0000 0000 0000 0000 9012 000e
0011 1180 0100 0008 1000 004e 0161 000e
0011 1188 0100 0005 1000 004e 0162 0015
0003 1100 0000 0000 0000 005a 0000 005d
0000 0000 0000 0e00 1111 0800 0000 2010
0000 4e01 6900 0200 0600 1500 0311 0000
0000 0000 0000 be00 0000 b700 0000 0000
0010 0011 1128 0000 0005 1000 004e 015f
5f61 0011 0011 1164 0000 0030 0000 004e
015f 5f6f 6b00 1000 1111 8400 0000 2200
0000 4e01 5f5f 6900 1000 1111 4800 0000
0510 0000 4e01 5f5f 6200 0200 0600 0e00
3911 ad00 0000 0000 0000 2f10 0000 0200
4f11 f200 0000 6000 0000 0000 0000 0000
0000 8901 0000 0000 0000 0900 0000 5400
0000 0000 0000 0e00 0080 2f00 0000 0f00
0080 4c00 0000 1000 0080 5d00 0000 1100
0080 8700 0000 1200 0080 a200 0000 1300
0080 b500 0000 1500 0080 b700 0000 1700
0080 7f01 0000 1800 0080 2c00 0000 0b00
0000 0b00 3000 0000 0b00 0000 0a00 a100
0000 0b00 0000 0b00 a500 0000 0b00 0000
0a00 cc00 0000 0b00 0000 0b00 d000 0000
0b00 0000 0a00 2401 0000 0b00 0000 0b00
2801 0000 0b00 0000 0a00 3c01 0000 0b00
0000 0b00 4001 0000 0b00 0000 0a00 0400
0000 f100 0000 f000 0000 3800 4711 0000
0000 0000 0000 0000 0000 d101 0000 2b00
0000 c601 0000 0a10 0000 0000 0000 0000
004b 6c41 7069 5f64 6566 6175 6c74 5f68
6173 6800 1c00 1210 c001 0000 c000 0000
0001 0000 0000 0000 0000 0000 0000 0090
1200 0e00 1111 e001 0000 0810 0000 4e01
6100 0e00 1111 0800 0000 ea11 0000 4e01
6800 1500 0311 0000 0000 0000 0000 db00
0000 cb00 0000 0000 0010 0011 1148 0000
0005 1000 004e 015f 5f61 0011 0011 1184
0000 0030 0000 004e 015f 5f6f 6b00 1000
1111 a400 0000 2200 0000 4e01 5f5f 6900
1000 1111 6800 0000 0510 0000 4e01 5f5f
6200 0200 0600 0e00 3911 8c00 0000 0000
0000 e211 0000 0200 4f11 f200 0000 4800
0000 0000 0000 0000 0000 d101 0000 0000
0000 0600 0000 3c00 0000 0000 0000 4000
0080 2b00 0000 4100 0080 4800 0000 4200
0080 9800 0000 4300 0080 cb00 0000 4400
0080 b001 0000 4500 0080 2c00 0000 1b00
0000 0b00 3000 0000 1b00 0000 0a00 9400
0000 1b00 0000 0b00 9800 0000 1b00 0000
0a00 ec00 0000 1b00 0000 0b00 f000 0000
1b00 0000 0a00 0401 0000 1b00 0000 0b00
0801 0000 1b00 0000 0a00 0400 0000 f100
0000 e500 0000 3d00 4711 0000 0000 0000
0000 0000 0000 7601 0000 2a00 0000 6c01
0000 0910 0000 0000 0000 0000 004b 6c41
7069 5f64 6566 6175 6c74 5f72 6570 725f
6675 6e63 001c 0012 1048 0100 00c0 0000
0088 0000 0000 0000 0000 0000 0000 0000
9012 000e 0011 1160 0100 0008 1000 004e
0161 0015 0003 1100 0000 0000 0000 00cb
0000 0097 0000 0000 0000 1000 1111 0800
0000 0510 0000 4e01 5f5f 6100 1100 1111
4400 0000 3000 0000 4e01 5f5f 6f6b 0010
0011 1164 0000 0022 0000 004e 015f 5f69
0010 0011 1128 0000 0005 1000 004e 015f
5f62 0002 0006 000e 0039 118b 0000 0000
0000 00e2 1100 0002 004f 1100 0000 f200
0000 4000 0000 0000 0000 0000 0000 7601
0000 0000 0000 0500 0000 3400 0000 0000
0000 3800 0080 2a00 0000 3900 0080 4700
0000 3a00 0080 9700 0000 3b00 0080 6c01
0000 3c00 0080 2c00 0000 1700 0000 0b00
3000 0000 1700 0000 0a00 8900 0000 1700
0000 0b00 8d00 0000 1700 0000 0a00 e100
0000 1700 0000 0b00 e500 0000 1700 0000
0a00 fc00 0000 1700 0000 0b00 0001 0000
1700 0000 0a00 0400 0000 f100 0000 3801
0000 4500 4711 0000 0000 0000 0000 0000
0000 9501 0000 3400 0000 8b01 0000 0710
0000 0000 0000 0000 004b 6c41 7069 5f64
6566 6175 6c74 5f73 6574 5f61 7474 725f
7374 725f 6675 6e63 001c 0012 1068 0100
00c0 0000 00a8 0000 0000 0000 0000 0000
0000 0000 9012 000e 0011 1180 0100 0008
1000 004e 0161 000e 0011 1188 0100 0005
1000 004e 0162 000e 0011 1190 0100 0008
1000 004e 0163 0015 0003 1100 0000 0000
0000 0061 0000 0062 0000 0000 0000 0e00
1111 0800 0000 2010 0000 4e01 6900 0200
0600 1500 0311 0000 0000 0000 0000 be00
0000 c300 0000 0000 0010 0011 1128 0000
0005 1000 004e 015f 5f61 0011 0011 1164
0000 0030 0000 004e 015f 5f6f 6b00 1000
1111 8400 0000 2200 0000 4e01 5f5f 6900
1000 1111 4800 0000 0510 0000 4e01 5f5f
6200 0200 0600 0e00 3911 b900 0000 0000
0000 1510 0000 0200 4f11 f200 0000 6000
0000 0000 0000 0000 0000 9501 0000 0000
0000 0900 0000 5400 0000 0000 0000 1c00
0080 3400 0000 1d00 0080 5100 0000 1e00
0080 6200 0000 1f00 0080 8c00 0000 2000
0080 a700 0000 2100 0080 c100 0000 2300
0080 c300 0000 2500 0080 8b01 0000 2600
0080 2c00 0000 0f00 0000 0b00 3000 0000
0f00 0000 0a00 b100 0000 0f00 0000 0b00
b500 0000 0f00 0000 0a00 dc00 0000 0f00
0000 0b00 e000 0000 0f00 0000 0a00 3401
0000 0f00 0000 0b00 3801 0000 0f00 0000
0a00 4c01 0000 0f00 0000 0b00 5001 0000
0f00 0000 0a00 012f 0525 1823 1301 3100
0c70 0b50 0000 0000 0000 8901 0000 0000
0000 0000 0000 6500 0000 0300 0400 0000
6500 0000 0300 0800 0000 7000 0000 0300
0134 0525 1d23 1801 3100 1170 1050 0000
0000 0000 9501 0000 0000 0000 0000 0000
6600 0000 0300 0400 0000 6600 0000 0300
0800 0000 7800 0000 0300 012f 0525 1823
1301 3100 0c70 0b50 0000 0000 0000 8901
0000 0000 0000 0000 0000 6700 0000 0300
0400 0000 6700 0000 0300 0800 0000 8000
0000 0300 012a 0535 1333 0e01 2f00 0770
0650 0000 0000 0000 7601 0000 0000 0000
0000 0000 6800 0000 0300 0400 0000 6800
0000 0300 0800 0000 8800 0000 0300 6800
0000 0000 0000 0000 0000 0000 0000 3800
0000 2000 0000 0000 0000 0000 0000 0000
0000 0000 0000 0000 0000 0000 0000 0000
0000 0000 0000 0000 0000 0000 0000 0000
0000 0000 0000 0000 0000 0000 0000 0100
0000 0000 0000 0000 0000 0000 0000 1800
0000 9000 0000 0100 5800 0000 9100 0000
0100 012b 0635 1433 0f01 3e00 0870 0760
0650 0000 0000 d101 0000 0000 0000 0000
0000 6900 0000 0300 0400 0000 6900 0000
0300 0800 0000 9600 0000 0300 012a 0525
1323 0e01 2100 0770 0650 0000 0000 0000
c100 0000 0000 0000 0000 0000 6a00 0000
0300 0400 0000 6a00 0000 0300 0800 0000
9e00 0000 0300 0130 0625 1923 1401 ea00
0d70 0c60 0b50 0000 0000 7704 0000 0000
0000 0000 0000 6b00 0000 0300 0400 0000
6b00 0000 0300 0800 0000 a600 0000 0300
0130 0625 1923 1401 ea00 0d70 0c60 0b50
0000 0000 7a04 0000 0000 0000 0000 0000
6c00 0000 0300 0400 0000 6c00 0000 0300
0800 0000 ae00 0000 0300 0e00 0000 4b6c
4170 695f 6465 6661 756c 745f 6765 745f
6174 7472 5f73 7472 5f66 756e 6300 643a
5c6b 5c63 6f64 696e 675c 7072 6f6a 6563
7473 5c63 2d6b 6c5f 636f 6d70 696c 6572
5c73 7263 5c63 6f72 655c 6170 692e 6300
2828 766f 6964 2a29 3029 001c 0000 004b
6c41 7069 5f64 6566 6175 6c74 5f73 6574
5f61 7474 725f 7374 725f 6675 6e63 002a
0000 004b 6c41 7069 5f64 6566 6175 6c74
5f64 656c 5f61 7474 725f 7374 725f 6675
6e63 0038 0000 004b 6c41 7069 5f64 6566
6175 6c74 5f72 6570 725f 6675 6e63 004f
424a 4543 545f 5459 5045 5f50 2861 2921
3d4e 554c 4c00 2573 3a25 6920 2825 7329
3a20 4173 7365 7274 696f 6e20 4661 696c
6564 3a20 2573 0a00 7374 725f 666f 726d
6174 2822 3c6f 626a 6563 7420 2725 7327
2061 7420 3078 2570 3e22 2c61 2d3e 5f5f
742d 3e6e 6d2c 6129 003c 6f62 6a65 6374
2027 2573 2720 6174 2030 7825 703e 0040
0000 004b 6c41 7069 5f64 6566 6175 6c74
5f68 6173 6800 682e 615e 682e 625e 682e
635e 682e 6400 4900 0000 4b6c 4170 695f
6269 6769 6e74 5f64 6561 6c6c 6f63 5f66
0055 0000 004b 6c41 7069 5f62 6967 696e
745f 6164 645f 6600 2873 7472 7563 7420
4f62 6a65 6374 2a29 6f00 6a00 0000 4b6c
4170 695f 6269 6769 6e74 5f69 726f 6f74
5f66 0000 0000 0000 0000 0000 0000 0063
0000 0001 0000 0000 0000 0000 0000 0000
0064 0000 0001 0004 0000 004a 0015 15c1
caa1 303f 4dda 418d 9c91 5876 c8b6 c801
0000 0064 3a5c 6b5c 636f 6469 6e67 5c70
726f 6a65 6374 735c 632d 6b6c 5f63 6f6d
7069 6c65 725c 6275 696c 645c 7663 3134
302e 7064 6200 f182 a968 d5c4 3af0 78c8
f03e 9f2b 7ea5 3b3b b26f c0b5 7983 97ce
df0e 3719 8cd4 1f2c 165e df32 4523 b62f
d0b1 19e9 5fed 55cc c177 9752 6cf3 5cce
7c81 6fe0 5f31 e374 dd07 c204 9a60 5f5a
54d0 7f18 75f2 e9fc c881 cd0f 737e c7aa
e72c 4902 9e14 6de8 5f94 b170 c396 6081
284a f95f 9ab2 c226 461d e90b ccab fd80
82de 305e 6927 bd26 b65a af3c 7dd3 e425
3cdf e553 8698 135c 5c96 78f2 0a82 2fee
69a0 7e05 5feb 9eb2 6231 feb6 692d 1fb0
81f1 ede1 bd42 09f9 8565 ffc3 f604 47a5
1086 f906 d7b1 54ce 04de 4961 1bed b313
ae4d 3634 33fe 0d78 f16a 86bf 11ea 3ca5
1086 f906 d7b1 54ce 04de 4961 1bed b3ed
af70 04f7 879f 916f 100e d32e 3e9c ecbe
2f20 1145 aceb 5fe5 d245 614e baee 6d6d
05d6 14a1 140b 0444 c8af 90ef 3ae2 dfe5
3ba9 4dc0 ca36 7141 9807 a340 51d5 6435
387d 7f54 cffb 1e41 9807 a340 51d5 6406
3cde 224e 8d20 4c01 b4f6 bd5d 6a06 a708
dcfe a9f0 5822 cd27 2302 f7a6 a88e 6a95
3023 5ae7 8e66 dcb0 1099 398c e27b bc93
caed e6e2 bf43 77e8 a4b2 ee7e de79 a310
06dd fc82 6638 896f ea01 6a65 1b64 60a8
4ea3 c018 f7d2 4768 7015 04fb 812b ce05
c01b 9f47 8cd1 87e9 6c04 6fe3 6a4d 7650
698a bce4 04c2 56c3 1425 b44a 7ed6 82b8
f32b 9ef0 dd57 70b7 8435 12e9 c48a 6d6c
b5a8 ec72 1530 3ac5 c4c1 daf3 ffbd 5000
09ea 1df1 0ede b086 c5a5 48c9 4f98 058f
ea0c 952d 956e 8085 18a6 f1fd 1002 ef41
85a7 6988 0f1a 50af 5570 f5a1 810b 7aaf
5570 f5a1 810b 7a14 ab27 dfaf 1ac9 3200
0000 0000 0000 0040 636f 6d70 2e69 64c6
6f04 01ff ff00 0003 0040 6665 6174 2e30
3090 0300 80ff ff00 0003 002e 6472 6563
7476 6500 0000 0001 0000 0003 0241 0000
0000 0000 0000 0000 0000 0000 0000 0000
0000 0000 0000 0000 0000 0000 0000 0000
002e 6465 6275 6724 5300 0000 0002 0000
0003 02c4 0300 0004 0000 0000 0000 0000
0000 0000 00b1 20b0 0c00 0000 0000 0000
0000 0000 0000 002e 7465 7874 246d 6e00
0000 0003 0000 0003 0289 0100 000f 0000
0001 07c6 a800 0001 0000 00e4 0267 7800
0000 0000 0000 0000 0000 0000 0000 0000
0004 0000 0000 0000 0003 0020 0002 002e
7465 7874 246d 6e00 0000 0004 0000 0003
0295 0100 000f 0000 007b f5bf e500 0001
0000 00c9 5d42 e200 0000 0000 0000 0000
0000 0000 0000 0000 0024 0000 0000 0000
0004 0020 0002 002e 7465 7874 246d 6e00
0000 0005 0000 0003 0289 0100 000f 0000
001d 4042 7500 0001 0000 0008 6a48 8300
0000 0000 0000 0000 0000 0000 0000 0000
0044 0000 0000 0000 0005 0020 0002 002e
7465 7874 246d 6e00 0000 0006 0000 0003
0276 0100 0017 0000 009a 821c ca00 0001
0000 0061 5867 4c00 0000 0000 0000 0000
0000 0000 0000 0000 0064 0000 0000 0000
0006 0020 0002 002e 7465 7874 246d 6e00
0000 0007 0000 0003 02d1 0100 0019 0000
00e7 553a cf00 0001 0000 0046 0527 b100
0000 0000 0000 0000 0000 0000 0000 0000
007c 0000 0000 0000 0007 0020 0002 002e
7465 7874 246d 6e00 0000 0008 0000 0003
02c1 0000 000e 0000 00bb d358 7a00 0001
0000 00f5 e4f6 5f00 0000 0000 0000 0000
0000 0000 0000 0000 008f 0000 0000 0000
0008 0020 0002 002e 7465 7874 246d 6e00
0000 0009 0000 0003 0277 0400 0031 0000
0071 b9f2 1200 0001 0000 00e7 7aa2 3d00
0000 0000 0000 0000 0000 0000 0000 0000
00a6 0000 0000 0000 0009 0020 0002 002e
7465 7874 246d 6e00 0000 000a 0000 0003
027a 0400 0031 0000 003f cae3 0d00 0001
0000 00f7 a186 db00 0000 0000 0000 0000
0000 0000 0000 0000 00b9 0000 0000 0000
000a 0020 0002 002e 6461 7461 0000 0000
0000 000b 0000 0003 02a0 0400 000b 0000
00dc a163 d300 0000 0000 004f 768d be00
0000 0000 0000 0000 0000 0000 0042 6173
6554 7970 6500 0000 000b 0000 0003 002e
7264 6174 6100 0000 0000 000c 0000 0003
020c 0000 0000 0000 00e0 8c91 a300 0002
0000 0000 0000 0000 0000 0000 0000 0000
0000 0000 0000 0000 00ce 0000 0000 0000
000c 0000 0002 002e 7264 6174 6100 0000
0000 000d 0000 0003 0205 0000 0000 0000
0012 681c 7400 0002 0000 0000 0000 0000
0000 0000 0000 0000 0000 0000 0000 0000
00f3 0000 0000 0000 000d 0000 0002 002e
7264 6174 6100 0000 0000 000e 0000 0003
0204 0000 0000 0000 008a d47b 3700 0002
0000 0000 0000 0000 0000 0000 0000 0000
0000 0000 0000 0000 000a 0100 0000 0000
000e 0000 0002 002e 7264 6174 6100 0000
0000 000f 0000 0003 0204 0000 0000 0000
0051 e234 4f00 0002 0000 0000 0000 0000
0000 0000 0000 0000 0000 0000 0000 0000
0020 0100 0000 0000 000f 0000 0002 002e
6465 6275 6724 5300 0000 0010 0000 0003
02f4 0200 000c 0000 0000 0000 0009 0005
0000 00c0 d179 e100 0000 0000 0000 0000
0000 0000 002e 6465 6275 6724 5300 0000
0011 0000 0003 02f0 0000 0004 0000 0000
0000 0008 0005 0000 003a a6e2 f200 0000
0000 0000 0000 0000 0000 002e 6465 6275
6724 5300 0000 0012 0000 0003 02f8 0200
000c 0000 0000 0000 000a 0005 0000 00eb
2564 2b00 0000 0000 0000 0000 0000 0000
002e 6465 6275 6724 5300 0000 0013 0000
0003 029c 0100 000a 0000 0000 0000 0005
0005 0000 0021 2420 9300 0000 0000 0000
0000 0000 0000 002e 6465 6275 6724 5300
0000 0014 0000 0003 029c 0100 000a 0000
0000 0000 0003 0005 0000 0011 ee99 6b00
0000 0000 0000 0000 0000 0000 002e 6465
6275 6724 5300 0000 0015 0000 0003 024c
0100 0008 0000 0000 0000 0007 0005 0000
008d f0e5 1600 0000 0000 0000 0000 0000
0000 002e 6465 6275 6724 5300 0000 0016
0000 0003 023c 0100 0008 0000 0000 0000
0006 0005 0000 00e3 062e e100 0000 0000
0000 0000 0000 0000 002e 6465 6275 6724
5300 0000 0017 0000 0003 02ac 0100 000a
0000 0000 0000 0004 0005 0000 0004 ebc5
1900 0000 0000 0000 0000 0000 0000 0000
0000 0036 0100 0000 0000 0000 0000 0002
0000 0000 0042 0100 0000 0000 0000 0020
0002 0000 0000 004f 0100 0000 0000 0000
0020 0002 0000 0000 0061 0100 0000 0000
0000 0020 0002 0000 0000 0074 0100 0000
0000 0000 0020 0002 0000 0000 0089 0100
0000 0000 0000 0020 0002 0000 0000 0095
0100 0000 0000 0000 0020 0002 0000 0000
00a3 0100 0000 0000 0000 0020 0002 0000
0000 00b0 0100 0000 0000 0000 0020 0002
0000 0000 00bf 0100 0000 0000 0000 0020
0002 0000 0000 00cf 0100 0000 0000 0000
0020 0002 0000 0000 00e1 0100 0000 0000
0000 0020 0002 0073 7472 5f63 6d70 0000
0000 0000 0020 0002 0000 0000 00f8 0100
0000 0000 0000 0020 0002 0000 0000 0003
0200 0000 0000 0000 0020 0002 0000 0000
0017 0200 0000 0000 0000 0020 0002 0000
0000 0025 0200 0000 0000 0000 0020 0002
0024 4c4e 3136 0000 0000 0000 0003 0000
0006 0024 4c4e 3136 0000 0000 0000 0004
0000 0006 0024 4c4e 3136 0000 0000 0000
0005 0000 0006 0024 4c4e 3135 0000 0000
0000 0006 0000 0006 0024 4c4e 3135 0000
0000 0000 0007 0000 0006 0024 4c4e 3130
0000 0000 0000 0008 0000 0006 0024 4c4e
3338 0000 0000 0000 0009 0000 0006 0024
4c4e 3338 0000 0000 0000 000a 0000 0006
002e 7864 6174 6100 0000 0000 0018 0000
0003 0210 0000 0000 0000 0083 7c95 ea03
0005 0000 0000 0000 0000 0000 0000 0000
0000 0000 0000 0000 0000 0033 0200 0000
0000 0018 0000 0003 002e 7064 6174 6100
0000 0000 0019 0000 0003 020c 0000 0003
0000 0045 9503 ea03 0005 0000 0061 b548
bb00 0000 0000 0000 0000 0000 0000 0000
0000 005b 0200 0000 0000 0019 0000 0003
002e 7864 6174 6100 0000 0000 001a 0000
0003 0210 0000 0000 0000 000e 0810 2804
0005 0000 0000 0000 0000 0000 0000 0000
0000 0000 0000 0000 0000 0082 0200 0000
0000 001a 0000 0003 002e 7064 6174 6100
0000 0000 001b 0000 0003 020c 0000 0003
0000 0021 b117 c104 0005 0000 0054 76a5
3000 0000 0000 0000 0000 0000 0000 0000
0000 00aa 0200 0000 0000 001b 0000 0003
002e 7864 6174 6100 0000 0000 001c 0000
0003 0210 0000 0000 0000 0083 7c95 ea05
0005 0000 0000 0000 0000 0000 0000 0000
0000 0000 0000 0000 0000 00d1 0200 0000
0000 001c 0000 0003 002e 7064 6174 6100
0000 0000 001d 0000 0003 020c 0000 0003
0000 0045 9503 ea05 0005 0000 00f6 1622
0700 0000 0000 0000 0000 0000 0000 0000
0000 00f9 0200 0000 0000 001d 0000 0003
002e 7864 6174 6100 0000 0000 001e 0000
0003 0210 0000 0000 0000 0048 05bd 9106
0005 0000 0000 0000 0000 0000 0000 0000
0000 0000 0000 0000 0000 0020 0300 0000
0000 001e 0000 0003 002e 7064 6174 6100
0000 0000 001f 0000 0003 020c 0000 0003
0000 00a3 9348 cc06 0005 0000 0089 c7ea
6a00 0000 0000 0000 0000 0000 0000 0000
0000 0040 0300 0000 0000 001f 0000 0003
002e 7264 6174 6100 0000 0000 0020 0000
0003 0260 0000 0002 0000 003a 917d 1b07
0005 0000 00d3 d1c6 fa00 0000 0000 0000
0000 0000 0000 0000 0000 005f 0300 0000
0000 0020 0000 0003 0000 0000 007c 0300
0010 0000 0020 0000 0003 0000 0000 009a
0300 0050 0000 0020 0000 0003 002e 7864
6174 6100 0000 0000 0021 0000 0003 0210
0000 0000 0000 002d 8edc 2f07 0005 0000
0000 0000 0000 0000 0000 0000 0000 0000
0000 0000 0000 00ba 0300 0000 0000 0021
0000 0003 002e 7064 6174 6100 0000 0000
0022 0000 0003 020c 0000 0003 0000 0036
7dc0 6c07 0005 0000 0095 da08 6300 0000
0000 0000 0000 0000 0000 0000 0000 00d5
0300 0000 0000 0022 0000 0003 002e 7864
6174 6100 0000 0000 0023 0000 0003 0210
0000 0000 0000 006b 75c6 9e08 0005 0000
0000 0000 0000 0000 0000 0000 0000 0000
0000 0000 0000 00ef 0300 0000 0000 0023
0000 0003 002e 7064 6174 6100 0000 0000
0024 0000 0003 020c 0000 0003 0000 00a9
470c b608 0005 0000 0034 b721 e000 0000
0000 0000 0000 0000 0000 0000 0000 000e
0400 0000 0000 0024 0000 0003 002e 7864
6174 6100 0000 0000 0025 0000 0003 0210
0000 0000 0000 0065 be6f 5e09 0005 0000
0000 0000 0000 0000 0000 0000 0000 0000
0000 0000 0000 002c 0400 0000 0000 0025
0000 0003 002e 7064 6174 6100 0000 0000
0026 0000 0003 020c 0000 0003 0000 009a
bcda 5209 0005 0000 0040 44d4 6c00 0000
0000 0000 0000 0000 0000 0000 0000 0047
0400 0000 0000 0026 0000 0003 002e 7864
6174 6100 0000 0000 0027 0000 0003 0210
0000 0000 0000 0065 be6f 5e0a 0005 0000
0000 0000 0000 0000 0000 0000 0000 0000
0000 0000 0000 0061 0400 0000 0000 0027
0000 0003 002e 7064 6174 6100 0000 0000
0028 0000 0003 020c 0000 0003 0000 004b
a9df c90a 0005 0000 00b1 a6e8 9d00 0000
0000 0000 0000 0000 0000 0000 0000 007e
0400 0000 0000 0028 0000 0003 0000 0000
009a 0400 0050 0200 000b 0000 0003 002e
6461 7461 0000 0000 0000 0029 0000 0003
0204 0000 0000 0000 0033 77df e000 0002
0000 0000 0000 0000 0000 0000 0000 0000
0000 0000 0000 0000 00a5 0400 0000 0000
0029 0000 0002 002e 7264 6174 6100 0000
0000 002a 0000 0003 0220 0000 0000 0000
00d3 a0f1 d900 0002 0000 0000 0000 0000
0000 0000 0000 0000 0000 0000 0000 0000
00db 0400 0000 0000 002a 0000 0002 002e
7264 6174 6100 0000 0000 002b 0000 0003
0232 0000 0000 0000 0098 4a0a 3a00 0002
0000 0000 0000 0000 0000 0000 0000 0000
0000 0000 0000 0000 000f 0500 0000 0000
002b 0000 0002 002e 7264 6174 6100 0000
0000 002c 0000 0003 020b 0000 0000 0000
00ee cc8a 5100 0002 0000 0000 0000 0000
0000 0000 0000 0000 0000 0000 0000 0000
0049 0500 0000 0000 002c 0000 0002 002e
6461 7461 0000 0000 0000 002d 0000 0003
0204 0000 0000 0000 0027 e8cf 1a00 0002
0000 0000 0000 0000 0000 0000 0000 0000
0000 0000 0000 0000 0076 0500 0000 0000
002d 0000 0002 002e 7264 6174 6100 0000
0000 002e 0000 0003 0220 0000 0000 0000
00cd 2bfa fc00 0002 0000 0000 0000 0000
0000 0000 0000 0000 0000 0000 0000 0000
00ac 0500 0000 0000 002e 0000 0002 002e
6461 7461 0000 0000 0000 002f 0000 0003
0204 0000 0000 0000 005a 4f8f cf00 0002
0000 0000 0000 0000 0000 0000 0000 0000
0000 0000 0000 0000 00e0 0500 0000 0000
002f 0000 0002 002e 7264 6174 6100 0000
0000 0030 0000 0003 0220 0000 0000 0000
0060 dc43 a600 0002 0000 0000 0000 0000
0000 0000 0000 0000 0000 0000 0000 0000
0016 0600 0000 0000 0030 0000 0002 002e
6461 7461 0000 0000 0000 0031 0000 0003
0204 0000 0000 0000 004e d09f 3500 0002
0000 0000 0000 0000 0000 0000 0000 0000
0000 0000 0000 0000 004a 0600 0000 0000
0031 0000 0002 002e 7264 6174 6100 0000
0000 0032 0000 0003 0218 0000 0000 0000
0052 7d4c d000 0002 0000 0000 0000 0000
0000 0000 0000 0000 0000 0000 0000 0000
0078 0600 0000 0000 0032 0000 0002 002e
7264 6174 6100 0000 0000 0033 0000 0003
0217 0000 0000 0000 009d 219e 0a00 0002
0000 0000 0000 0000 0000 0000 0000 0000
0000 0000 0000 0000 00a4 0600 0000 0000
0033 0000 0002 002e 7264 6174 6100 0000
0000 0034 0000 0003 0222 0000 0000 0000
00cc 8f66 0e00 0002 0000 0000 0000 0000
0000 0000 0000 0000 0000 0000 0000 0000
00db 0600 0000 0000 0034 0000 0002 002e
7264 6174 6100 0000 0000 0035 0000 0003
0231 0000 0000 0000 001c 03d7 ea00 0002
0000 0000 0000 0000 0000 0000 0000 0000
0000 0000 0000 0000 0028 0700 0000 0000
0035 0000 0002 002e 7264 6174 6100 0000
0000 0036 0000 0003 0216 0000 0000 0000
008c ba50 ee00 0002 0000 0000 0000 0000
0000 0000 0000 0000 0000 0000 0000 0000
0070 0700 0000 0000 0036 0000 0002 002e
6461 7461 0000 0000 0000 0037 0000 0003
0204 0000 0000 0000 003d 5814 9b00 0002
0000 0000 0000 0000 0000 0000 0000 0000
0000 0000 0000 0000 00ab 0700 0000 0000
0037 0000 0002 002e 7264 6174 6100 0000
0000 0038 0000 0003 0213 0000 0000 0000
00ca 88a3 ad00 0002 0000 0000 0000 0000
0000 0000 0000 0000 0000 0000 0000 0000
00d4 0700 0000 0000 0038 0000 0002 002e
7264 6174 6100 0000 0000 0039 0000 0003
0210 0000 0000 0000 0007 7e73 0000 0002
0000 0000 0000 0000 0000 0000 0000 0000
0000 0000 0000 0000 00fb 0700 0000 0000
0039 0000 0002 002e 6461 7461 0000 0000
0000 003a 0000 0003 0204 0000 0000 0000
00b7 171c e600 0002 0000 0000 0000 0000
0000 0000 0000 0000 0000 0000 0000 0000
002c 0800 0000 0000 003a 0000 0002 002e
7264 6174 6100 0000 0000 003b 0000 0003
0217 0000 0000 0000 00a7 72a5 a000 0002
0000 0000 0000 0000 0000 0000 0000 0000
0000 0000 0000 0000 0059 0800 0000 0000
003b 0000 0002 002e 6461 7461 0000 0000
0000 003c 0000 0003 0204 0000 0000 0000
0090 ffd3 fc00 0002 0000 0000 0000 0000
0000 0000 0000 0000 0000 0000 0000 0000
0084 0800 0000 0000 003c 0000 0002 002e
7264 6174 6100 0000 0000 003d 0000 0003
0213 0000 0000 0000 0012 f7ee f500 0002
0000 0000 0000 0000 0000 0000 0000 0000
0000 0000 0000 0000 00ad 0800 0000 0000
003d 0000 0002 002e 7264 6174 6100 0000
0000 003e 0000 0003 0212 0000 0000 0000
0014 1d54 b900 0002 0000 0000 0000 0000
0000 0000 0000 0000 0000 0000 0000 0000
00d4 0800 0000 0000 003e 0000 0002 002e
6461 7461 0000 0000 0000 003f 0000 0003
0204 0000 0000 0000 0067 179b 5400 0002
0000 0000 0000 0000 0000 0000 0000 0000
0000 0000 0000 0000 0004 0900 0000 0000
003f 0000 0002 002e 7264 6174 6100 0000
0000 0040 0000 0003 0215 0000 0000 0000
003e 2277 e900 0002 0000 0000 0000 0000
0000 0000 0000 0000 0000 0000 0000 0000
002f 0900 0000 0000 0040 0000 0002 002e
7274 6324 494d 5a00 0000 0041 0000 0003
0208 0000 0001 0000 0000 0000 0000 0002
0000 004b 9770 bb00 0000 0000 0000 0000
0000 0000 0000 0000 0058 0900 0000 0000
0041 0000 0003 002e 7274 6324 544d 5a00
0000 0042 0000 0003 0208 0000 0001 0000
0000 0000 0000 0002 0000 0019 fcce aa00
0000 0000 0000 0000 0000 0000 0000 0000
006e 0900 0000 0000 0042 0000 0003 002e
6465 6275 6724 5400 0000 0043 0000 0003
0250 0000 0000 0000 0000 0000 0000 0000
0000 0000 0000 0000 0000 0000 0000 0000
0000 0000 002e 6368 6b73 3634 0000 0000
0044 0000 0003 0220 0200 0000 0000 0000
0000 0000 0000 0000 0000 0000 0000 0000
0000 0000 0000 0000 0000 0084 0900 004b
6c41 7069 5f64 6566 6175 6c74 5f67 6574
5f61 7474 725f 7374 725f 6675 6e63 004b
6c41 7069 5f64 6566 6175 6c74 5f73 6574
5f61 7474 725f 7374 725f 6675 6e63 004b
6c41 7069 5f64 6566 6175 6c74 5f64 656c
5f61 7474 725f 7374 725f 6675 6e63 004b
6c41 7069 5f64 6566 6175 6c74 5f72 6570
725f 6675 6e63 004b 6c41 7069 5f64 6566
6175 6c74 5f68 6173 6800 4b6c 4170 695f
6269 6769 6e74 5f64 6561 6c6c 6f63 5f66
004b 6c41 7069 5f62 6967 696e 745f 6164
645f 6600 4b6c 4170 695f 6269 6769 6e74
5f69 726f 6f74 5f66 003f 3f5f 4340 5f30
4d40 4348 4c4c 4c46 4841 403f 2444 4d62
6173 655f 7479 7065 3f24 444f 4000 3f3f
5f43 405f 3034 454e 4d42 4741 5041 4063
6861 7240 003f 3f5f 4340 5f30 334f 4a4d
4150 4547 4a40 7374 7240 003f 3f5f 4340
5f30 334a 4249 504d 434c 4340 696e 7440
005f 5f69 6d70 5f72 6169 7365 004b 6c4f
626a 6563 745f 6e65 7700 4b6c 4f62 6a65
6374 5f67 6574 5f73 697a 6500 4b6c 4f62
6a65 6374 5f74 6f5f 6269 6769 6e74 004b
6c43 7279 7074 5f71 7569 636b 5f73 6861
3235 3600 4b6c 496f 5f70 7269 6e74 6600
4b6c 4269 6749 6e74 5f66 7265 6500 4b6c
4269 6749 6e74 5f61 6464 004b 6c42 6967
496e 745f 6972 6f6f 7400 4b6c 4d65 6d5f
7265 745f 6e75 6c6c 5f00 4b6c 4d65 6d5f
656e 7465 725f 6675 6e63 5f00 4b6c 4d65
6d5f 6368 6563 6b5f 616c 6c6f 6361 7465
645f 0073 7472 5f66 6f72 6d61 7400 5f52
5443 5f43 6865 636b 5374 6163 6b56 6172
7300 5f52 5443 5f49 6e69 7442 6173 6500
5f52 5443 5f53 6875 7464 6f77 6e00 2475
6e77 696e 6424 4b6c 4170 695f 6465 6661
756c 745f 6765 745f 6174 7472 5f73 7472
5f66 756e 6300 2470 6461 7461 244b 6c41
7069 5f64 6566 6175 6c74 5f67 6574 5f61
7474 725f 7374 725f 6675 6e63 0024 756e
7769 6e64 244b 6c41 7069 5f64 6566 6175
6c74 5f73 6574 5f61 7474 725f 7374 725f
6675 6e63 0024 7064 6174 6124 4b6c 4170
695f 6465 6661 756c 745f 7365 745f 6174
7472 5f73 7472 5f66 756e 6300 2475 6e77
696e 6424 4b6c 4170 695f 6465 6661 756c
745f 6465 6c5f 6174 7472 5f73 7472 5f66
756e 6300 2470 6461 7461 244b 6c41 7069
5f64 6566 6175 6c74 5f64 656c 5f61 7474
725f 7374 725f 6675 6e63 0024 756e 7769
6e64 244b 6c41 7069 5f64 6566 6175 6c74
5f72 6570 725f 6675 6e63 0024 7064 6174
6124 4b6c 4170 695f 6465 6661 756c 745f
7265 7072 5f66 756e 6300 4b6c 4170 695f
6465 6661 756c 745f 6861 7368 2472 7463
4e61 6d65 2430 004b 6c41 7069 5f64 6566
6175 6c74 5f68 6173 6824 7274 6356 6172
4465 7363 004b 6c41 7069 5f64 6566 6175
6c74 5f68 6173 6824 7274 6346 7261 6d65
4461 7461 0024 756e 7769 6e64 244b 6c41
7069 5f64 6566 6175 6c74 5f68 6173 6800
2470 6461 7461 244b 6c41 7069 5f64 6566
6175 6c74 5f68 6173 6800 2475 6e77 696e
6424 4b6c 4170 695f 6269 6769 6e74 5f64
6561 6c6c 6f63 5f66 0024 7064 6174 6124
4b6c 4170 695f 6269 6769 6e74 5f64 6561
6c6c 6f63 5f66 0024 756e 7769 6e64 244b
6c41 7069 5f62 6967 696e 745f 6164 645f
6600 2470 6461 7461 244b 6c41 7069 5f62
6967 696e 745f 6164 645f 6600 2475 6e77
696e 6424 4b6c 4170 695f 6269 6769 6e74
5f69 726f 6f74 5f66 0024 7064 6174 6124
4b6c 4170 695f 6269 6769 6e74 5f69 726f
6f74 5f66 0042 6967 496e 7454 7970 6500
3f5f 5f4c 494e 455f 5f56 6172 403f 303f
3f4b 6c41 7069 5f64 6566 6175 6c74 5f67
6574 5f61 7474 725f 7374 725f 6675 6e63
4040 3940 3900 3f3f 5f43 405f 3043 4140
4450 4145 414b 4942 404b 6c41 7069 5f64
6566 6175 6c74 5f67 6574 5f61 7474 725f
7374 725f 6675 6e63 4000 3f3f 5f43 405f
3044 4340 4e4b 4843 4d4a 484a 4064 3f33
3f32 6b3f 3263 6f64 696e 673f 3270 726f
6a65 6374 733f 3263 3f39 6b6c 5f63 6f6d
7069 4000 3f3f 5f43 405f 304c 404d 4650
4349 4350 4e40 3f24 4349 3f24 4349 766f
6964 3f24 434b 3f24 434a 303f 2443 4a40
003f 5f5f 4c49 4e45 5f5f 5661 7240 3f30
3f3f 4b6c 4170 695f 6465 6661 756c 745f
7365 745f 6174 7472 5f73 7472 5f66 756e
6340 4039 4039 003f 3f5f 4340 5f30 4341
4042 4b41 5049 424a 5040 4b6c 4170 695f
6465 6661 756c 745f 7365 745f 6174 7472
5f73 7472 5f66 756e 6340 003f 5f5f 4c49
4e45 5f5f 5661 7240 3f30 3f3f 4b6c 4170
695f 6465 6661 756c 745f 6465 6c5f 6174
7472 5f73 7472 5f66 756e 6340 4039 4039
003f 3f5f 4340 5f30 4341 4045 414c 4748
4744 4340 4b6c 4170 695f 6465 6661 756c
745f 6465 6c5f 6174 7472 5f73 7472 5f66
756e 6340 003f 5f5f 4c49 4e45 5f5f 5661
7240 3f30 3f3f 4b6c 4170 695f 6465 6661
756c 745f 7265 7072 5f66 756e 6340 4039
4039 003f 3f5f 4340 5f30 4249 4049 4d48
4345 4949 4e40 4b6c 4170 695f 6465 6661
756c 745f 7265 7072 5f66 756e 6340 003f
3f5f 4340 5f30 4248 4049 484d 4250 4b43
4740 4f42 4a45 4354 5f54 5950 455f 503f
2443 4961 3f24 434a 3f24 4342 3f24 444e
4e55 4c4c 4000 3f3f 5f43 405f 3043 4340
4c41 4f49 424d 424a 403f 2443 4673 3f33
3f24 4346 693f 353f 2443 493f 2443 4673
3f24 434a 3f33 3f35 4173 7365 7274 696f
6e3f 3546 6169 6c65 643f 333f 353f 2443
4640 003f 3f5f 4340 5f30 4442 4045 484c
4e50 4d42 4740 7374 725f 666f 726d 6174
3f24 4349 3f24 4343 3f24 444d 6f62 6a65
6374 3f35 3f38 3f24 4346 733f 383f 3561
743f 3530 783f 2443 4640 003f 3f5f 4340
5f30 4247 404c 4a49 4750 454a 4440 3f24
444d 6f62 6a65 6374 3f35 3f38 3f24 4346
733f 383f 3561 743f 3530 783f 2443 4670
3f24 444f 4000 3f5f 5f4c 494e 455f 5f56
6172 403f 303f 3f4b 6c41 7069 5f64 6566
6175 6c74 5f68 6173 6840 4039 4039 003f
3f5f 4340 5f30 4244 4049 4946 454c 4f46
4b40 4b6c 4170 695f 6465 6661 756c 745f
6861 7368 4000 3f3f 5f43 405f 3042 4140
4244 4448 4d4b 4b4e 4068 3f34 613f 2446
4f68 3f34 623f 2446 4f68 3f34 633f 2446
4f68 3f34 6440 003f 5f5f 4c49 4e45 5f5f
5661 7240 3f30 3f3f 4b6c 4170 695f 6269
6769 6e74 5f64 6561 6c6c 6f63 5f66 4040
3940 3900 3f3f 5f43 405f 3042 4840 434e
504b 4b4a 424d 404b 6c41 7069 5f62 6967
696e 745f 6465 616c 6c6f 635f 6640 003f
5f5f 4c49 4e45 5f5f 5661 7240 3f30 3f3f
4b6c 4170 695f 6269 6769 6e74 5f61 6464
5f66 4040 3940 3900 3f3f 5f43 405f 3042
4440 4e41 424a 4d42 4943 404b 6c41 7069
5f62 6967 696e 745f 6164 645f 6640 003f
3f5f 4340 5f30 4243 4043 424c 4143 4e4b
4740 3f24 4349 7374 7275 6374 3f35 4f62
6a65 6374 3f24 434b 3f24 434a 6f40 003f
5f5f 4c49 4e45 5f5f 5661 7240 3f30 3f3f
4b6c 4170 695f 6269 6769 6e74 5f69 726f
6f74 5f66 4040 3940 3900 3f3f 5f43 405f
3042 4640 4648 494d 4249 454b 404b 6c41
7069 5f62 6967 696e 745f 6972 6f6f 745f
6640 005f 5254 435f 496e 6974 4261 7365
2e72 7463 2449 4d5a 005f 5254 435f 5368
7574 646f 776e 2e72 7463 2454 4d5a 00
